11519 387

551111 (Ι, 181101-35151555555 Pollux Pollux 11115 511515 3555551, 1115 ΙΙΙ, 3, 9
551 551151351151553, 555555 8115151111, 5, 85. 115511 11115 5151 durch 9511111115
511511 (155151 deutlich bezeichnen 131. (1515111111 seque (1551551 15111 (phaselus),
35115115055151 51 35515115 Castoris. 8555355551 hat Η.5Δ555155101.Δ.515.Ι,
m quodque 1151 55515115, Tyndari, 055151 erat.

111, 30.

1-5. 55531 3 11151 == 551351155151, 15 551 8555555553 01155- 151155551,
5535555155555. - aem 555, aem 55555151 5111515 5511551355, 5551115 35151113155
Κι551115111; 131. 8. Ι, 4, 28; 0. IV, 8, 2. 1111515 55155515 8511531153 155 111555-
mum 1111511151, 5555 ahenea 5131151155. 11, 1,545)35515151515(1, 55555551515
81511155, 1115 515 Rumor und 1111551155 5515515155 51115513515 55 551555 5853155.
131. IV, 8, 1118. - perennium 55155515 551 55511115. Ι, 15, 15, 15 551 1115511153-
1151155 855551553; 11151 = 5515511155. 1131. Μ51515. XV, 875. - Der (1555515111
’11 55551 555555 5535155511511 wie 551155 immortalia -1535115515 5115 pyr. alt.;
151155151151155511 Ο51111555555; 131. 515 8151511553. -153511-51151, 1535115 -1535
dignm 5515585555, 131. IV, 9, 11555. 11, 11218, 515111 1511551115, 1115811. ΙΙ,
2. 80. 115 115315155 815135155315 5515 115115 3535511551 am, 15551515 55555 515
55555515555 8111553 55155 8151555, wie 515 15 81515155155 81115 1151, 515 81551555155
551 85555155 555 051555 35515111 werden. Auch 51555 1155555, 11515 15151 (1535555155
111151, 55 515 515 81555515155115 31555155155115 551851115513553111151 1155555 151-
wanden, 55 855551553 und 85551 111151 1151115 sich 1115111 5111555 11511155 555 (155155
neuen. 1318151). lv, 1, 57 nam mque pyramidum 5515151515 ad 515515 dudi-mortis
55 mrem condicione vacant. - 51151,· 553555555551 151 5151111151553 durch ,Μο551“,
welche 8555111553 555 11511 5115151535 115518, 118 551 855551515551111555151·
holm 35115555, 515Ρ1155115551515555 851155 515 ,15151555111 5551 ,151111115111 zu
5555155555 13111. schulze, 15515551151511115551555115, Ρ515155.1887, 8. 8, 551
1115551, 555 851135555555 555 Η, 515 55535155 151 555 (1535515511 5515511, Ι,88; 84.
85511555 11511 51555515115Η515115515553551Ργ15511555 5555515115555 5551 1155551155
dn Η. 5511353551 51111555 515111 51155 15 551 8555511153 ,5155511 15 351 1515551151-
1151151555 15 1111155, 11151555 55551, wie 11. 8555155 SA 55515111, wo 51155 -ι 515551
151, 551511 555855551515511553 515 11551135 5511555553 555 11151155 3551115511 55 5515
58531. Δ115151535 1151 Martia] VIII, 8, 5 1511551511511 51151 55 1515155555, 11555
51 5511151511 51 cum 111515 51111 Messanae 5555 iacebunt (11153115 cum 155151 1551111515
5151515 511511, 515 tamen ora 153551. 1111515 1151 115115 515111, 5555 5158155151 555
1. 1155115 5. 0111. 5151111555 551 111155 11555555555355 15155151511555155 5551711311
11115 Hor. 5513551 - 11511555 55515555 511115 515111 51555 ,5535“, ,815555111555511-
155, 3555 5535551155 55155, 5555 511115 515111 51515511 fiir ,55115 115351, ,851151 515111,
5555515 1115 1511 5515515111 555 roho, 5555515 555 555155115151115 5555155551 11115,
151155 55 551151 515 „Bw 5515. Η.151315151115555 515 werke 155555511511518511155
5515551155515555111555, 1555555155115 85551155 555 81131555515 555 855155151515 5111

1151151115. 5551151155 22

 

